# name: debug
# type: sparse matrix
# nnz: 4900
# rows: 70
# columns: 70

1 1 32901.0404
2 1 -2.1784539e-10
3 1 -1.37795395e-10
4 1 -6.9495285e-11
5 1 -1.57715531e-10
6 1 -1.26382796e-10
7 1 -1.34610306e-10
8 1 -1.40445091e-10
9 1 -1.46467706e-10
10 1 -1.84181903e-10
11 1 -0.000125260624
12 1 -0.000260141953
13 1 0.000205139828
14 1 5.64566531e-05
15 1 0.000402280227
16 1 1.52871493e-05
17 1 -0.0180312523
18 1 0.0209175541
19 1 -0.00773011985
20 1 -0.00121682374
21 1 0.00287286274
22 1 0.000255251293
23 1 0.000272225596
24 1 -3.81964018e-06
25 1 -0.000231410329
26 1 0.000193989315
27 1 -0.000593982927
28 1 1.30844028e-05
29 1 0.000327103035
30 1 0.000297996959
31 1 -5.88427359e-05
32 1 -0.000360495387
33 1 -0.000529523341
34 1 -8.451863e-05
35 1 0.000359190211
36 1 0.000289547018
37 1 -6.64172239e-05
38 1 -0.000401480697
39 1 -0.000609603274
40 1 -6.69575472e-05
41 1 0.000425584511
42 1 0.00035068544
43 1 -4.77385945e-05
44 1 -0.000480636005
45 1 -0.000654593686
46 1 4.9896602e-05
47 1 0.000189665336
48 1 0.00015787515
49 1 -8.80945699e-05
50 1 -0.000125627005
51 1 -0.000342663529
52 1 -4.06029377e-06
53 1 -0.000229460951
54 1 -0.000230900034
55 1 -3.4155963e-05
56 1 0.000398830037
57 1 0.000383918749
58 1 5.93472542e-05
59 1 3.44255792e-05
60 1 -0.000116381236
61 1 -0.000306628514
62 1 0.000468156696
63 1 -0.0002490117
64 1 3.52640897e-07
65 1 0.000267155921
66 1 0.000154151614
67 1 -0.000144381814
68 1 -0.000102327741
69 1 -0.000528195361
70 1 -0.000100464739
1 2 -2.1784539e-10
2 2 32901.0418
3 2 -1.83750794e-10
4 2 -1.06052425e-10
5 2 -2.41814925e-10
6 2 -1.93101174e-10
7 2 -1.93290861e-10
8 2 -2.10931259e-10
9 2 -1.90913683e-10
10 2 -2.12637044e-10
11 2 -0.00011330698
12 2 -0.000142518501
13 2 9.91610428e-05
14 2 0.000131553558
15 2 0.000350525189
16 2 7.11026885e-06
17 2 -5.73149075e-05
18 2 -0.000306599672
19 2 -0.000267612054
20 2 0.00076520479
21 2 -9.36296501e-05
22 2 9.51377483e-05
23 2 -0.0191197463
24 2 0.0228737058
25 2 -0.00841292422
26 2 -0.00351034146
27 2 0.00299830544
28 2 3.63959969e-05
29 2 0.000164920768
30 2 0.000118511304
31 2 -4.16402715e-05
32 2 -0.000167952966
33 2 -0.000310900085
34 2 -3.59320007e-06
35 2 0.000518042435
36 2 0.000362135305
37 2 -0.000141986788
38 2 -0.000457696677
39 2 -0.000934484559
40 2 -8.75112834e-05
41 2 0.000383262546
42 2 0.000322045136
43 2 -2.32451473e-05
44 2 -0.00046180191
45 2 -0.000633213591
46 2 -3.86075799e-05
47 2 0.000185787529
48 2 0.000137629375
49 2 -0.00013661971
50 2 -3.17099949e-05
51 2 -0.000365410834
52 2 -1.23484746e-05
53 2 -0.000465521826
54 2 -0.000314951835
55 2 -2.60523192e-05
56 2 0.000463384709
57 2 0.000515380037
58 2 4.80008274e-05
59 2 0.0001436318
60 2 -9.26050007e-05
61 2 -0.000472448707
62 2 0.000686335165
63 2 -0.000423112597
64 2 1.87475979e-05
65 2 0.000293557465
66 2 0.000145994888
67 2 -0.000168575293
68 2 -6.99095781e-05
69 2 -0.000569921015
70 2 -9.36191405e-05
1 3 -1.37795395e-10
2 3 -1.83750794e-10
3 3 32901.0436
4 3 -1.26748545e-10
5 3 -2.6605104e-10
6 3 -2.0325403e-10
7 3 -1.89415798e-10
8 3 -1.80790035e-10
9 3 -1.55095613e-10
10 3 -1.69490132e-10
11 3 -0.000273694997
12 3 -0.000278145504
13 3 0.000178080554
14 3 0.000273507009
15 3 0.000638039993
16 3 4.33487705e-05
17 3 -0.000234060774
18 3 -0.000389112805
19 3 -0.000163968953
20 3 0.000682462801
21 3 0.000332894012
22 3 2.48102003e-05
23 3 -4.29161948e-06
24 3 -6.23294749e-05
25 3 -4.84360513e-06
26 3 8.52931436e-05
27 3 6.37799912e-05
28 3 4.7416613e-06
29 3 -0.0208724006
30 3 0.0271096532
31 3 -0.0122204582
32 3 -0.00280488648
33 3 -0.000956390879
34 3 7.79638988e-06
35 3 0.00059504159
36 3 0.000373358435
37 3 -0.000177402569
38 3 -0.000462961429
39 3 -0.00103960083
40 3 -7.17732449e-05
41 3 0.000266769164
42 3 0.000219244889
43 3 9.71713558e-05
44 3 -0.000492137906
45 3 -0.000349633058
46 3 1.81628401e-06
47 3 6.22301918e-05
48 3 1.44145301e-05
49 3 -3.96428061e-05
50 3 2.00795878e-05
51 3 -0.000111906175
52 3 1.6344799e-06
53 3 -0.000396889645
54 3 -0.00038583611
55 3 -1.09655075e-06
56 3 0.00059997294
57 3 0.000722055338
58 3 8.8787985e-05
59 3 -0.000144866151
60 3 -0.000286326606
61 3 -0.000346791197
62 3 0.000764708225
63 3 1.60602858e-05
64 3 -2.18552823e-05
65 3 0.000337951794
66 3 0.000196147797
67 3 -0.000176091297
68 3 -0.000118835504
69 3 -0.00061983124
70 3 -7.94241433e-05
1 4 -6.9495285e-11
2 4 -1.06052425e-10
3 4 -1.26748545e-10
4 4 32901.0404
5 4 -2.13061096e-10
6 4 -1.65451042e-10
7 4 -1.56205721e-10
8 4 -1.44926714e-10
9 4 -1.54925064e-10
10 4 -7.68386547e-11
11 4 -8.9872564e-05
12 4 -9.09683956e-05
13 4 0.00012593799
14 4 0.000100709865
15 4 0.000271202099
16 4 4.62555278e-05
17 4 -0.000197329985
18 4 -0.000235449448
19 4 5.36509002e-06
20 4 0.000336191337
21 4 0.00037825297
22 4 1.65956157e-05
23 4 -4.11181073e-06
24 4 -5.30223678e-05
25 4 -4.14438601e-05
26 4 0.000130425844
27 4 -2.18446163e-05
28 4 -8.48825656e-06
29 4 7.79836188e-05
30 4 3.42085141e-05
31 4 -3.63656354e-05
32 4 -3.96397999e-05
33 4 -0.000167966595
34 4 -1.0585541e-06
35 4 -0.0134800781
36 4 0.0238746668
37 4 -0.00985753715
38 4 -0.00417482516
39 4 -0.00124821351
40 4 -0.000126948482
41 4 0.000184679287
42 4 9.71538927e-05
43 4 8.08256842e-05
44 4 -0.0003351201
45 4 -0.000201754725
46 4 -3.03497314e-05
47 4 -0.000391281541
48 4 -0.000201883792
49 4 -0.000107406032
50 4 0.000285995286
51 4 3.65225248e-05
52 4 3.91369308e-06
53 4 -0.000539450653
54 4 -0.000507642784
55 4 2.27883995e-05
56 4 0.000745474965
57 4 0.000934508471
58 4 0.000106553488
59 4 -0.000156129138
60 4 -0.000366779357
61 4 -0.000391720356
62 4 0.000933708798
63 4 1.71274875e-05
64 4 -1.77877541e-06
65 4 0.00043951681
66 4 0.000209474206
67 4 -0.000241415634
68 4 -4.4636585e-05
69 4 -0.000741049013
70 4 -0.000107150824
1 5 -1.57715531e-10
2 5 -2.41814925e-10
3 5 -2.6605104e-10
4 5 -2.13061096e-10
5 5 32901.0824
6 5 -4.46822383e-10
7 5 -3.15770049e-10
8 5 -3.28806455e-10
9 5 -3.12692978e-10
10 5 -1.55477296e-10
11 5 -0.000221337442
12 5 -0.000187777442
13 5 0.000143413205
14 5 0.000230116027
15 5 0.0005023654
16 5 2.46652125e-05
17 5 -9.66643762e-05
18 5 -0.000227208346
19 5 -9.32512236e-05
20 5 0.000442512134
21 5 0.000272588958
22 5 0.000128847089
23 5 0.000258139178
24 5 5.96519136e-05
25 5 -0.000164854019
26 5 9.2726054e-05
27 5 -0.000438168216
28 5 5.48925545e-05
29 5 0.00020091091
30 5 9.73452414e-05
31 5 -7.87579806e-05
32 5 -0.000124226562
33 5 -0.000392308618
34 5 3.17920921e-05
35 5 0.00107267822
36 5 0.000610666343
37 5 -0.000502722801
38 5 -0.000683825959
39 5 -0.00161271344
40 5 -0.000114030092
41 5 -0.0841725445
42 5 0.127902643
43 5 -0.04431239
44 5 -0.00612417808
45 5 -0.00182484571
46 5 0.00026246831
47 5 0.000564340295
48 5 3.36490097e-05
49 5 -0.000129420259
50 5 -0.000205461871
51 5 -0.000771684168
52 5 6.2926974e-05
53 5 -0.000539816079
54 5 -0.000630092468
55 5 1.6078275e-05
56 5 0.000913121997
57 5 0.00103390119
58 5 0.000145645967
59 5 0.000130162937
60 5 -0.000438283288
61 5 -0.000761301326
62 5 0.00127425942
63 5 -0.000386160613
64 5 2.5272245e-05
65 5 0.000421648749
66 5 0.000159450852
67 5 -0.00022664557
68 5 -5.38865798e-05
69 5 -0.000822596892
70 5 -0.000125568304
1 6 -1.26382796e-10
2 6 -1.93101174e-10
3 6 -2.0325403e-10
4 6 -1.65451042e-10
5 6 -4.46822383e-10
6 6 32901.0442
7 6 -2.94978877e-10
8 6 -3.06177188e-10
9 6 -2.56839134e-10
10 6 -1.40648376e-10
11 6 -5.30001273e-05
12 6 -9.6105313e-05
13 6 0.000181088372
14 6 1.96505132e-05
15 6 0.000350909149
16 6 8.56325092e-05
17 6 -0.000139764308
18 6 -0.000311483704
19 6 -0.000121589719
20 6 0.000481963025
21 6 0.000144180317
22 6 0.000128358983
23 6 0.000172147811
24 6 1.49019152e-05
25 6 -0.000116244412
26 6 0.000129093203
27 6 -0.000264896843
28 6 3.96909619e-05
29 6 0.000295357508
30 6 0.000187976639
31 6 -2.47492241e-05
32 6 -0.000276160229
33 6 -0.000466074651
34 6 4.04339991e-05
35 6 0.00123557716
36 6 0.000541755237
37 6 -0.000379095582
38 6 -0.000485617806
39 6 -0.00169556902
40 6 -0.00010029239
41 6 0.00117288571
42 6 0.000416886881
43 6 0.00045531674
