# name: debug
# type: sparse matrix
# nnz: 36
# rows: 6
# columns: 6

1 1 0.168615186
2 1 0.210809027
3 1 -0.00919874225
4 1 -0.327817031
5 1 -0.100352713
6 1 -0.00309660054
1 2 0.210809027
2 2 0.692603383
3 2 0.00573721472
4 2 -0.958853312
5 2 -0.411286499
6 2 0.000285000802
1 3 -0.00919874225
2 3 0.00573721472
3 3 0.762251234
4 3 0.38390358
5 3 -1.01194761
6 3 0.0244078841
1 4 -0.327817031
2 4 -0.958853312
3 4 0.38390358
4 4 1.5514829
5 4 0.0189957055
6 4 0.046756864
1 5 -0.100352713
2 5 -0.411286499
3 5 -1.01194761
4 5 0.0189957055
5 5 1.60408327
6 5 -0.0501793543
1 6 -0.00309660054
2 6 0.000285000802
3 6 0.0244078841
4 6 0.046756864
5 6 -0.0501793543
6 6 0.190994815
