# name: debug
# type: sparse matrix
# nnz: 4900
# rows: 70
# columns: 70

1 1 32901.0404
2 1 -2.1784539e-10
3 1 -1.37795395e-10
4 1 -6.9495285e-11
5 1 -1.57715531e-10
6 1 -1.26382796e-10
7 1 -1.34610306e-10
8 1 -1.40445091e-10
9 1 -1.46467706e-10
10 1 -1.84181903e-10
11 1 -0.000125260624
12 1 -0.000260141953
13 1 0.000205139828
14 1 5.64566531e-05
15 1 0.000402280227
16 1 1.52871493e-05
17 1 -0.0180312523
18 1 0.0209175541
19 1 -0.00773011985
20 1 -0.00121682374
21 1 0.00287286274
22 1 0.000255251293
23 1 0.000272225596
24 1 -3.81964018e-06
25 1 -0.000231410329
26 1 0.000193989315
27 1 -0.000593982927
28 1 1.30844028e-05
29 1 0.000327103035
30 1 0.000297996959
31 1 -5.88427359e-05
32 1 -0.000360495387
33 1 -0.000529523341
34 1 -8.451863e-05
35 1 0.000359190211
36 1 0.000289547018
37 1 -6.64172239e-05
38 1 -0.000401480697
39 1 -0.000609603274
40 1 -6.69575472e-05
41 1 0.000425584511
42 1 0.00035068544
43 1 -4.77385945e-05
44 1 -0.000480636005
45 1 -0.000654593686
46 1 4.9896602e-05
47 1 0.000189665336
48 1 0.00015787515
49 1 -8.80945699e-05
50 1 -0.000125627005
51 1 -0.000342663529
52 1 -4.06029377e-06
53 1 -0.000229460951
54 1 -0.000230900034
55 1 -3.4155963e-05
56 1 0.000398830037
57 1 0.000383918749
58 1 5.93472542e-05
59 1 3.44255792e-05
60 1 -0.000116381236
61 1 -0.000306628514
62 1 0.000468156696
63 1 -0.0002490117
64 1 3.52640897e-07
65 1 0.000267155921
66 1 0.000154151614
67 1 -0.000144381814
68 1 -0.000102327741
69 1 -0.000528195361
70 1 -0.000100464739
1 2 -2.1784539e-10
2 2 32901.0418
3 2 -1.83750794e-10
4 2 -1.06052425e-10
5 2 -2.41814925e-10
6 2 -1.93101174e-10
7 2 -1.93290861e-10
8 2 -2.10931259e-10
9 2 -1.90913683e-10
10 2 -2.12637044e-10
11 2 -0.00011330698
12 2 -0.000142518501
13 2 9.91610428e-05
14 2 0.000131553558
15 2 0.000350525189
16 2 7.11026885e-06
17 2 -5.73149075e-05
18 2 -0.000306599672
19 2 -0.000267612054
20 2 0.00076520479
21 2 -9.36296501e-05
22 2 9.51377483e-05
23 2 -0.0191197463
24 2 0.0228737058
25 2 -0.00841292422
26 2 -0.00351034146
27 2 0.00299830544
28 2 3.63959969e-05
29 2 0.000164920768
30 2 0.000118511304
31 2 -4.16402715e-05
32 2 -0.000167952966
33 2 -0.000310900085
34 2 -3.59320007e-06
35 2 0.000518042435
36 2 0.000362135305
37 2 -0.000141986788
38 2 -0.000457696677
39 2 -0.000934484559
40 2 -8.75112834e-05
41 2 0.000383262546
42 2 0.000322045136
43 2 -2.32451473e-05
44 2 -0.00046180191
45 2 -0.000633213591
46 2 -3.86075799e-05
47 2 0.000185787529
48 2 0.000137629375
49 2 -0.00013661971
50 2 -3.17099949e-05
51 2 -0.000365410834
52 2 -1.23484746e-05
53 2 -0.000465521826
54 2 -0.000314951835
55 2 -2.60523192e-05
56 2 0.000463384709
57 2 0.000515380037
58 2 4.80008274e-05
59 2 0.0001436318
60 2 -9.26050007e-05
61 2 -0.000472448707
62 2 0.000686335165
63 2 -0.000423112597
64 2 1.87475979e-05
65 2 0.000293557465
66 2 0.000145994888
67 2 -0.000168575293
68 2 -6.99095781e-05
69 2 -0.000569921015
70 2 -9.36191405e-05
1 3 -1.37795395e-10
2 3 -1.83750794e-10
3 3 32901.0436
4 3 -1.26748545e-10
5 3 -2.6605104e-10
6 3 -2.0325403e-10
7 3 -1.89415798e-10
8 3 -1.80790035e-10
9 3 -1.55095613e-10
10 3 -1.69490132e-10
11 3 -0.000273694997
12 3 -0.000278145504
13 3 0.000178080554
14 3 0.000273507009
15 3 0.000638039993
16 3 4.33487705e-05
17 3 -0.000234060774
18 3 -0.000389112805
19 3 -0.000163968953
20 3 0.000682462801
21 3 0.000332894012
22 3 2.48102003e-05
23 3 -4.29161948e-06
24 3 -6.23294749e-05
25 3 -4.84360513e-06
26 3 8.52931436e-05
27 3 6.37799912e-05
28 3 4.7416613e-06
29 3 -0.0208724006
30 3 0.0271096532
31 3 -0.0122204582
32 3 -0.00280488648
33 3 -0.000956390879
34 3 7.79638988e-06
35 3 0.00059504159
36 3 0.000373358435
37 3 -0.000177402569
38 3 -0.000462961429
39 3 -0.00103960083
40 3 -7.17732449e-05
41 3 0.000266769164
42 3 0.000219244889
43 3 9.71713558e-05
44 3 -0.000492137906
45 3 -0.000349633058
46 3 1.81628401e-06
47 3 6.22301918e-05
48 3 1.44145301e-05
49 3 -3.96428061e-05
50 3 2.00795878e-05
51 3 -0.000111906175
52 3 1.6344799e-06
53 3 -0.000396889645
54 3 -0.00038583611
55 3 -1.09655075e-06
56 3 0.00059997294
57 3 0.000722055338
58 3 8.8787985e-05
59 3 -0.000144866151
60 3 -0.000286326606
61 3 -0.000346791197
62 3 0.000764708225
63 3 1.60602858e-05
64 3 -2.18552823e-05
65 3 0.000337951794
66 3 0.000196147797
67 3 -0.000176091297
68 3 -0.000118835504
69 3 -0.00061983124
70 3 -7.94241433e-05
1 4 -6.9495285e-11
2 4 -1.06052425e-10
3 4 -1.26748545e-10
4 4 32901.0404
5 4 -2.13061096e-10
6 4 -1.65451042e-10
7 4 -1.56205721e-10
8 4 -1.44926714e-10
9 4 -1.54925064e-10
10 4 -7.68386547e-11
11 4 -8.9872564e-05
12 4 -9.09683956e-05
13 4 0.00012593799
14 4 0.000100709865
15 4 0.000271202099
16 4 4.62555278e-05
17 4 -0.000197329985
18 4 -0.000235449448
19 4 5.36509002e-06
20 4 0.000336191337
21 4 0.00037825297
22 4 1.65956157e-05
23 4 -4.11181073e-06
24 4 -5.30223678e-05
25 4 -4.14438601e-05
26 4 0.000130425844
27 4 -2.18446163e-05
28 4 -8.48825656e-06
29 4 7.79836188e-05
30 4 3.42085141e-05
31 4 -3.63656354e-05
32 4 -3.96397999e-05
33 4 -0.000167966595
34 4 -1.0585541e-06
35 4 -0.0134800781
36 4 0.0238746668
37 4 -0.00985753715
38 4 -0.00417482516
39 4 -0.00124821351
40 4 -0.000126948482
41 4 0.000184679287
42 4 9.71538927e-05
43 4 8.08256842e-05
44 4 -0.0003351201
45 4 -0.000201754725
46 4 -3.03497314e-05
47 4 -0.000391281541
48 4 -0.000201883792
49 4 -0.000107406032
50 4 0.000285995286
51 4 3.65225248e-05
52 4 3.91369308e-06
53 4 -0.000539450653
54 4 -0.000507642784
55 4 2.27883995e-05
56 4 0.000745474965
57 4 0.000934508471
58 4 0.000106553488
59 4 -0.000156129138
60 4 -0.000366779357
61 4 -0.000391720356
62 4 0.000933708798
63 4 1.71274875e-05
64 4 -1.77877541e-06
65 4 0.00043951681
66 4 0.000209474206
67 4 -0.000241415634
68 4 -4.4636585e-05
69 4 -0.000741049013
70 4 -0.000107150824
1 5 -1.57715531e-10
2 5 -2.41814925e-10
3 5 -2.6605104e-10
4 5 -2.13061096e-10
5 5 32901.0824
6 5 -4.46822383e-10
7 5 -3.15770049e-10
8 5 -3.28806455e-10
9 5 -3.12692978e-10
10 5 -1.55477296e-10
11 5 -0.000221337442
12 5 -0.000187777442
13 5 0.000143413205
14 5 0.000230116027
15 5 0.0005023654
16 5 2.46652125e-05
17 5 -9.66643762e-05
18 5 -0.000227208346
19 5 -9.32512236e-05
20 5 0.000442512134
21 5 0.000272588958
22 5 0.000128847089
23 5 0.000258139178
24 5 5.96519136e-05
25 5 -0.000164854019
26 5 9.2726054e-05
27 5 -0.000438168216
28 5 5.48925545e-05
29 5 0.00020091091
30 5 9.73452414e-05
31 5 -7.87579806e-05
32 5 -0.000124226562
33 5 -0.000392308618
34 5 3.17920921e-05
35 5 0.00107267822
36 5 0.000610666343
37 5 -0.000502722801
38 5 -0.000683825959
39 5 -0.00161271344
40 5 -0.000114030092
41 5 -0.0841725445
42 5 0.127902643
43 5 -0.04431239
44 5 -0.00612417808
45 5 -0.00182484571
46 5 0.00026246831
47 5 0.000564340295
48 5 3.36490097e-05
49 5 -0.000129420259
50 5 -0.000205461871
51 5 -0.000771684168
52 5 6.2926974e-05
53 5 -0.000539816079
54 5 -0.000630092468
55 5 1.6078275e-05
56 5 0.000913121997
57 5 0.00103390119
58 5 0.000145645967
59 5 0.000130162937
60 5 -0.000438283288
61 5 -0.000761301326
62 5 0.00127425942
63 5 -0.000386160613
64 5 2.5272245e-05
65 5 0.000421648749
66 5 0.000159450852
67 5 -0.00022664557
68 5 -5.38865798e-05
69 5 -0.000822596892
70 5 -0.000125568304
1 6 -1.26382796e-10
2 6 -1.93101174e-10
3 6 -2.0325403e-10
4 6 -1.65451042e-10
5 6 -4.46822383e-10
6 6 32901.0442
7 6 -2.94978877e-10
8 6 -3.06177188e-10
9 6 -2.56839134e-10
10 6 -1.40648376e-10
11 6 -5.30001273e-05
12 6 -9.6105313e-05
13 6 0.000181088372
14 6 1.96505132e-05
15 6 0.000350909149
16 6 8.56325092e-05
17 6 -0.000139764308
18 6 -0.000311483704
19 6 -0.000121589719
20 6 0.000481963025
21 6 0.000144180317
22 6 0.000128358983
23 6 0.000172147811
24 6 1.49019152e-05
25 6 -0.000116244412
26 6 0.000129093203
27 6 -0.000264896843
28 6 3.96909619e-05
29 6 0.000295357508
30 6 0.000187976639
31 6 -2.47492241e-05
32 6 -0.000276160229
33 6 -0.000466074651
34 6 4.04339991e-05
35 6 0.00123557716
36 6 0.000541755237
37 6 -0.000379095582
38 6 -0.000485617806
39 6 -0.00169556902
40 6 -0.00010029239
41 6 0.00117288571
42 6 0.000416886881
43 6 0.00045531674
44 6 -0.00157886241
45 6 -0.00102197454
46 6 6.62085365e-05
47 6 -0.0238485316
48 6 0.0334923546
49 6 -0.0118466525
50 6 -0.00326392585
51 6 -0.000323126423
52 6 0.000130583788
53 6 -0.000349928387
54 6 -0.000496793183
55 6 4.96441861e-05
56 6 0.000655767005
57 6 0.000851307169
58 6 0.00022490502
59 6 -2.10150149e-05
60 6 -0.000500134615
61 6 -0.000756247038
62 6 0.00138679066
63 6 -0.000302527806
64 6 9.59214507e-06
65 6 0.000452654697
66 6 0.000183556062
67 6 -0.000270278054
68 6 -3.4824949e-05
69 6 -0.000888428339
70 6 -0.000105009389
1 7 -1.34610306e-10
2 7 -1.93290861e-10
3 7 -1.89415798e-10
4 7 -1.56205721e-10
5 7 -3.15770049e-10
6 7 -2.94978877e-10
7 7 32901.0441
8 7 -2.8864735e-10
9 7 -2.4589312e-10
10 7 -1.79307813e-10
11 7 -4.63527264e-05
12 7 -0.000115737512
13 7 0.000205749203
14 7 -3.04653127e-05
15 7 0.00042879019
16 7 7.10853542e-05
17 7 -0.000162457963
18 7 -0.000269392468
19 7 -0.000159803483
20 7 0.000559492376
21 7 0.000187701353
22 7 8.3148002e-05
23 7 0.000293662952
24 7 0.000145974957
25 7 -4.54727361e-05
26 7 -0.000134181088
27 7 -0.000325753177
28 7 8.66693314e-06
29 7 0.00043771938
30 7 0.000320695854
31 7 -0.000105530398
32 7 -0.00034969682
33 7 -0.000619813654
34 7 5.13945275e-05
35 7 0.000784152619
36 7 0.000534595996
37 7 -0.000105849252
38 7 -0.000838896937
39 7 -0.00124645694
40 7 -9.67601261e-05
41 7 0.000871510911
42 7 0.000380768888
43 7 -7.63061745e-05
44 7 -0.000714816998
45 7 -0.00136169462
46 7 -1.72709328e-05
47 7 0.000609960968
48 7 0.000244343801
49 7 -7.82155609e-05
50 7 -0.000422924835
51 7 -0.000773527182
52 7 7.69066816e-05
53 7 -0.0248326375
54 7 0.0321039799
55 7 -0.0109367605
56 7 -0.00208228272
57 7 0.00117416911
58 7 0.00031862065
59 7 -0.000146510342
60 7 -0.000431477484
61 7 -0.000640824549
62 7 0.00122211869
63 7 -0.000157149714
64 7 -2.1587205e-05
65 7 0.000607364585
66 7 0.000251717514
67 7 -0.000336912312
68 7 -0.000105501471
69 7 -0.00106741942
70 7 -0.000118773405
1 8 -1.40445091e-10
2 8 -2.10931259e-10
3 8 -1.80790035e-10
4 8 -1.44926714e-10
5 8 -3.28806455e-10
6 8 -3.06177188e-10
7 8 -2.8864735e-10
8 8 32901.0458
9 8 -3.72436366e-10
10 8 -1.56369979e-10
11 8 -0.000198713829
12 8 -0.00016671506
13 8 0.000126515194
14 8 0.000219116722
15 8 0.000512587803
16 8 3.38259403e-05
17 8 -0.000108682794
18 8 -0.000174772421
19 8 -2.09571031e-05
20 8 0.000259116317
21 8 6.3601486e-05
22 8 5.12403956e-05
23 8 0.000307234652
24 8 0.000143152723
25 8 -8.85423296e-05
26 8 1.05718182e-05
27 8 -0.000328082545
28 8 7.3894874e-05
29 8 0.000201751277
30 8 0.000144040515
31 8 -1.88102712e-05
32 8 -0.00021255201
33 8 -0.000309035571
34 8 1.05448792e-05
35 8 0.000700478826
36 8 0.000411260255
37 8 -8.27743231e-05
38 8 -0.000732880948
39 8 -0.00113313521
40 8 -9.28712124e-05
41 8 0.000697684886
42 8 0.00031795653
43 8 0.000353699695
44 8 -0.000961840478
45 8 -0.000381770613
46 8 4.45599646e-05
47 8 0.000349143926
48 8 0.0001216964
49 8 -7.25430156e-05
50 8 -0.000166287062
51 8 -0.00046779006
52 8 3.00706276e-05
53 8 -0.00057411155
54 8 -0.000545668515
55 8 2.37880112e-06
56 8 0.000865644681
57 8 0.00102328601
58 8 0.000125472009
59 8 -0.0257021476
60 8 0.0353289652
61 8 -0.0130996348
62 8 -0.00158034871
63 8 -0.00145201629
64 8 0.000145215453
65 8 0.000625219209
66 8 0.000246380489
67 8 -0.000190609693
68 8 -0.000297051277
69 8 -0.00106169416
70 8 -0.000108813819
1 9 -1.46467706e-10
2 9 -1.90913683e-10
3 9 -1.55095613e-10
4 9 -1.54925064e-10
5 9 -3.12692978e-10
6 9 -2.56839134e-10
7 9 -2.4589312e-10
8 9 -3.72436366e-10
9 9 32901.0518
10 9 -1.56567771e-10
11 9 0.000166678402
12 9 -4.15478466e-06
13 9 0.000418860133
14 9 -0.000363375308
15 9 0.000378996669
16 9 0.000115125379
17 9 -0.000181431926
18 9 -0.000273929708
19 9 -8.97431513e-05
20 9 0.000519496531
21 9 0.000288657784
22 9 2.44759484e-05
23 9 1.36226505e-05
24 9 -0.000150334871
25 9 -0.0001441768
26 9 0.000398366276
27 9 -3.31795022e-05
28 9 4.8394394e-05
29 9 0.000426945515
30 9 0.000309633669
31 9 -0.000112444232
32 9 -0.000315912382
33 9 -0.000577812686
34 9 9.45382253e-05
35 9 0.000849941914
36 9 0.000514106191
37 9 -0.000237523787
38 9 -0.000497830218
39 9 -0.0012803168
40 9 -5.13370714e-05
41 9 -5.38028611e-05
42 9 -0.000279361789
43 9 0.000586839314
44 9 -0.000393768563
45 9 0.000790613922
46 9 -9.26559625e-05
47 9 0.000163641771
48 9 -3.42428879e-05
49 9 -0.000134111353
50 9 0.000149535412
51 9 -0.000250177934
52 9 3.20892998e-05
53 9 -0.000354380233
54 9 -0.000471923857
55 9 -4.22133999e-06
56 9 0.000762892027
57 9 0.00084822111
58 9 0.000215733378
59 9 -0.000107025592
60 9 -0.000603701923
61 9 -0.000417919137
62 9 0.00114512268
63 9 0.000116174405
64 9 -4.59421246e-05
65 9 -0.0290515099
66 9 0.0495651342
67 9 -0.0176406657
68 9 -0.00624240753
69 9 -0.00613439199
70 9 -0.000133516833
1 10 -1.84181903e-10
2 10 -2.12637044e-10
3 10 -1.69490132e-10
4 10 -7.68386547e-11
5 10 -1.55477296e-10
6 10 -1.40648376e-10
7 10 -1.79307813e-10
8 10 -1.56369979e-10
9 10 -1.56567771e-10
10 10 32901.0426
11 10 -0.020533082
12 10 0.0250359813
13 10 -0.00678323727
14 10 -0.00166316729
15 10 0.00279463674
16 10 0.000293056734
17 10 -2.28902205e-05
18 10 -0.000301974552
19 10 -0.000192775863
20 10 0.000427757924
21 10 -5.54847944e-05
22 10 1.63036382e-05
23 10 0.000340821045
24 10 9.43904066e-05
25 10 -0.000146376351
26 10 -0.000109742801
27 10 -0.000543249316
28 10 -2.83706124e-05
29 10 0.000344673403
30 10 0.00025212148
31 10 -9.46768864e-05
32 10 -0.000284079383
33 10 -0.000594288682
34 10 -2.42789707e-05
35 10 0.00064390615
36 10 0.00052664694
37 10 -0.000153809126
38 10 -0.000524308397
39 10 -0.0010269524
40 10 -3.00525404e-05
41 10 0.00023514424
42 10 0.000211489235
43 10 1.79195569e-07
44 10 -0.000317409563
45 10 -0.000384446527
46 10 -2.45989535e-05
47 10 0.000267541084
48 10 0.000178940091
49 10 -9.60939777e-05
50 10 -0.00015759473
51 10 -0.000429310874
52 10 8.57186098e-06
53 10 3.22419906e-08
54 10 -0.000100999173
55 10 -2.04097864e-05
56 10 0.000161355596
57 10 0.000130814196
58 10 8.81739466e-05
59 10 1.58995833e-05
60 10 -0.000150027647
61 10 -0.000332059506
62 10 0.000560142481
63 10 -0.00020005432
64 10 -5.10485419e-05
65 10 0.000509154828
66 10 0.000363677814
67 10 -0.000197938778
68 10 -0.000262439084
69 10 -0.000832889736
70 10 -4.53408686e-05
1 11 -0.000125260624
2 11 -0.00011330698
3 11 -0.000273694997
4 11 -8.9872564e-05
5 11 -0.000221337442
6 11 -5.30001273e-05
7 11 -4.63527264e-05
8 11 -0.000198713829
9 11 0.000166678402
10 11 -0.020533082
11 11 8450152.93
12 11 5575325.7
13 11 -1270674.8
14 11 -7956954.23
15 11 -11878800.5
16 11 -140924.688
17 11 -920875.081
18 11 -639038.609
19 11 -46800.2722
20 11 767887.242
21 11 965506.48
22 11 -129348.412
23 11 -419276.182
24 11 -246705.878
25 11 107997.578
26 11 377301.029
27 11 705181.001
28 11 53756.5774
29 11 -423978.533
30 11 -244824.572
31 11 101294.749
32 11 329995.033
33 11 623187.338
34 11 -2876.30727
35 11 -237599.257
36 11 -191010.725
37 11 45611.6835
38 11 171065.348
39 11 312502.689
40 11 -13179.7446
41 11 -110747.552
42 11 -77258.9073
43 11 27225.4927
44 11 98711.8701
45 11 193806.395
46 11 2512.72738
47 11 -219140.232
48 11 -144022.683
49 11 40737.5086
50 11 178387.116
51 11 331344.854
52 11 -6147.08008
53 11 -217471.694
54 11 -145201.599
55 11 57502.7941
56 11 171919.192
57 11 344470.541
58 11 15108.772
59 11 -135221.828
60 11 -92856.1518
61 11 36311.0202
62 11 101899.179
63 11 226884.587
64 11 20020.7999
65 11 -206818.228
66 11 -163975.189
67 11 21602.3045
68 11 146862.266
69 11 257085.507
70 11 -27965.938
1 12 -0.000260141953
2 12 -0.000142518501
3 12 -0.000278145504
4 12 -9.09683956e-05
5 12 -0.000187777442
6 12 -9.6105313e-05
7 12 -0.000115737512
8 12 -0.00016671506
9 12 -4.15478466e-06
10 12 0.0250359813
11 12 5575325.7
12 12 6468287.35
13 12 1571553.17
14 12 -10430546.6
15 12 -6134919.3
16 12 -205361.047
17 12 -641346.359
18 12 -870706.768
19 12 73428.5341
20 12 823226.582
21 12 708544.232
22 12 -111750.351
23 12 -251098.599
24 12 -272564.98
25 12 -140146.966
26 12 588105.979
27 12 275941.102
28 12 67554.2303
29 12 -252087.255
30 12 -273325.956
31 12 -136550.661
32 12 512586.454
33 12 269525.618
34 12 15234.7929
35 12 -204844.862
36 12 -209804.946
37 12 -47058.1906
38 12 275479.67
39 12 206437.958
40 12 -24245.3973
41 12 -79856.816
42 12 -85230.9387
43 12 -33244.929
44 12 162042.744
45 12 108055.79
46 12 -2363.06463
47 12 -146947.165
48 12 -141007.702
49 12 -53216.5134
50 12 254059.052
51 12 173250.841
52 12 -6777.51975
53 12 -144061.692
54 12 -181269.861
55 12 -67838.9585
56 12 298663.375
57 12 185453.387
58 12 955.89674
59 12 -93234.2759
60 12 -103368.02
61 12 -44263.1723
62 12 191625.007
63 12 115469.688
64 12 6473.92675
65 12 -174512.253
66 12 -185972.538
67 12 -7870.07102
68 12 189999.809
69 12 212807.707
70 12 -37230.1038
1 13 0.000205139828
2 13 9.91610428e-05
3 13 0.000178080554
4 13 0.00012593799
5 13 0.000143413205
6 13 0.000181088372
7 13 0.000205749203
8 13 0.000126515194
9 13 0.000418860133
10 13 -0.00678323727
11 13 -1270674.8
12 13 1571553.17
13 13 12846969.6
14 13 -13207146.8
15 13 12769949.1
16 13 -271597.427
17 13 -37695.3096
18 13 65606.4565
19 13 -1633362.67
20 13 1322825.19
21 13 -1304122.2
22 13 2405.4798
23 13 109349.263
24 13 -141541.148
25 13 -544169.097
26 13 687558.111
27 13 -621171.37
28 13 60409.8635
29 13 103874.971
30 13 -136763.737
31 13 -551216.154
32 13 621717.22
33 13 -528460.867
34 13 42822.5739
35 13 40520.1251
36 13 -58421.739
37 13 -385655.436
38 13 350455.861
39 13 -292939.564
40 13 -35484.2726
41 13 27378.8835
42 13 -33831.136
43 13 -164590.63
44 13 203090.842
45 13 -170009.643
46 13 -12254.437
47 13 40128.6221
48 13 -55991.1366
49 13 -302516.919
50 13 350566.942
51 13 -276129.576
52 13 -8452.90799
53 13 55462.7742
54 13 -69830.856
55 13 -291617.976
56 13 357985.9
57 13 -275409.764
58 13 -37765.2237
59 13 37400.5673
60 13 -46904.1008
61 13 -191489.438
62 13 235946.386
63 13 -186641.563
64 13 -24557.3525
65 13 18453.3115
66 13 -19003.3908
67 13 -340147.698
68 13 311314.939
69 13 -240717.62
70 13 -62944.8766
1 14 5.64566531e-05
2 14 0.000131553558
3 14 0.000273507009
4 14 0.000100709865
5 14 0.000230116027
6 14 1.96505132e-05
7 14 -3.04653127e-05
8 14 0.000219116722
9 14 -0.000363375308
10 14 -0.00166316729
11 14 -7956954.23
12 14 -10430546.6
13 14 -13207146.8
14 14 28931705.6
15 14 -427641.453
16 14 1190994.16
17 14 772974.309
18 14 832921.002
19 14 1309606.54
20 14 -2322974.35
21 14 159970.616
22 14 -46505.5156
23 14 396121.341
24 14 593147.883
25 14 672397.99
26 14 -1685148.16
27 14 -45357.6685
28 14 -158206.662
29 14 352658.059
30 14 506773.659
31 14 579421.354
32 14 -1280935.49
33 14 -81994.8586
34 14 -32945.3297
35 14 199445.463
36 14 285116.439
37 14 314091.081
38 14 -616368.38
39 14 -48997.0825
40 14 35088.2078
41 14 113239.66
42 14 165606.665
43 14 184787.766
44 14 -451742.279
45 14 -47469.6909
46 14 16081.8402
47 14 204154.685
48 14 262200.645
49 14 314016.582
50 14 -698893.613
51 14 -70241.9935
52 14 15898.7736
53 14 200997.868
54 14 312100.923
55 14 324092.355
56 14 -763023.144
57 14 -92735.4935
58 14 35670.1851
59 14 120371.213
60 14 201280.133
61 14 213636.061
62 14 -515139.074
63 14 -48844.9569
64 14 9532.57443
65 14 185202.487
66 14 217914.807
67 14 271255.165
68 14 -489257.624
69 14 -66898.9472
70 14 81155.9169
1 15 0.000402280227
2 15 0.000350525189
3 15 0.000638039993
4 15 0.000271202099
5 15 0.0005023654
6 15 0.000350909149
7 15 0.00042879019
8 15 0.000512587803
9 15 0.000378996669
10 15 0.00279463674
11 15 -11878800.5
12 15 -6134919.3
13 15 12769949.1
14 15 -427641.453
15 15 28519861.1
16 15 422011.884
17 15 963471.919
18 15 695661.006
19 15 -1318687.08
20 15 210335.754
21 15 -2344282.38
22 15 80485.9222
23 15 697050.169
24 15 254229.222
25 15 -637270.137
26 15 40090.313
27 15 -1654798.39
28 15 -28714.3551
29 15 593038.538
30 15 229275.874
31 15 -543351.903
32 15 45932.623
33 15 -1264140.18
34 15 28435.9007
35 15 294627.707
36 15 165928.125
37 15 -316765.378
38 15 50804.2106
39 15 -620634.569
40 15 -30628.5763
41 15 182761.64
42 15 89865.9018
43 15 -182037.45
44 15 26959.3977
45 15 -460711.273
46 15 -17446.999
47 15 306657.097
48 15 141424.019
49 15 -299511.258
50 15 56653.9054
51 15 -690200.876
52 15 -12717.6948
53 15 319499.713
54 15 152987.052
55 15 -306506.085
56 15 51234.1145
57 15 -719212.146
58 15 -50075.6052
59 15 215316.09
60 15 92619.7849
61 15 -207542.244
62 15 50926.6993
63 15 -507085.697
64 15 -58646.3482
65 15 233380.582
66 15 169223.283
67 15 -283536.918
68 15 71260.1586
69 15 -499938.098
70 15 -33851.8019
1 16 1.52871493e-05
2 16 7.11026885e-06
3 16 4.33487705e-05
4 16 4.62555278e-05
5 16 2.46652125e-05
6 16 8.56325092e-05
7 16 7.10853542e-05
8 16 3.38259403e-05
9 16 0.000115125379
10 16 0.000293056734
11 16 -140924.688
12 16 -205361.047
13 16 -271597.427
14 16 1190994.16
15 16 422011.884
16 16 2093344.83
17 16 -122914.184
18 16 -107522.021
19 16 -12909.8862
20 16 -41584.152
21 16 53944.9741
22 16 -271555.563
23 16 72045.583
24 16 72611.6604
25 16 40907.9425
26 16 -151909.466
27 16 -80287.8659
28 16 -90767.4823
29 16 54862.0758
30 16 54929.853
31 16 32173.6114
32 16 -96333.2809
33 16 -67513.6925
34 16 -62760.8533
35 16 2939.53503
36 16 -3911.8988
37 16 -23454.6657
38 16 469.396425
39 16 -43267.7811
40 16 -30602.7443
41 16 11050.2831
42 16 8804.19107
43 16 -1778.83373
44 16 -12332.4887
45 16 -22664.5602
46 16 -16700.9487
47 16 5117.43477
48 16 9857.78352
49 16 15766.9664
50 16 -33377.7528
51 16 -9766.13484
52 16 -29797.5248
53 16 23644.8936
54 16 20883.694
55 16 -6087.77448
56 16 -21800.995
57 16 -38011.2564
58 16 -44484.2693
59 16 22732.368
60 16 19564.7302
61 16 -411.932517
62 16 -29824.579
63 16 -45174.5178
64 16 -19528.6268
65 16 -26255.48
66 16 -26920.7281
67 16 -16516.1474
68 16 26390.8823
69 16 6104.90544
70 16 -41498.8061
1 17 -0.0180312523
2 17 -5.73149075e-05
3 17 -0.000234060774
4 17 -0.000197329985
5 17 -9.66643762e-05
6 17 -0.000139764308
7 17 -0.000162457963
8 17 -0.000108682794
9 17 -0.000181431926
10 17 -2.28902205e-05
11 17 -920875.081
12 17 -641346.359
13 17 -37695.3096
14 17 772974.309
15 17 963471.919
16 17 -122914.184
17 17 10619908.6
18 17 6592952.4
19 17 -2346088.64
20 17 -8183377.44
21 17 -14612149.6
22 17 -1174499.57
23 17 -356516.388
24 17 -209955.89
25 17 125131.923
26 17 303483.697
27 17 697880.308
28 17 106940.494
29 17 -302529.749
30 17 -209015.485
31 17 130105.695
32 17 210111.913
33 17 523753.104
34 17 69172.2227
35 17 -130282.553
36 17 -101440.201
37 17 38924.6049
38 17 129957.025
39 17 259408.178
40 17 774.340627
41 17 -206951.284
42 17 -135822.811
43 17 57559.1919
44 17 169413.584
45 17 359826.532
46 17 16485.1177
47 17 -310553.726
48 17 -265451.753
49 17 109852.383
50 17 208648.334
51 17 483298.082
52 17 44380.2441
53 17 -206653.374
54 17 -142302.937
55 17 83224.1746
56 17 141420.349
57 17 368498.47
58 17 63201.8363
59 17 -272077.284
60 17 -129814.815
61 17 43137.5991
62 17 179126.3
63 17 378567.126
64 17 18750.1705
65 17 -86822.022
66 17 -54205.574
67 17 27713.9534
68 17 60424.6469
69 17 158068.026
70 17 27498.6096
1 18 0.0209175541
2 18 -0.000306599672
3 18 -0.000389112805
4 18 -0.000235449448
5 18 -0.000227208346
6 18 -0.000311483704
7 18 -0.000269392468
8 18 -0.000174772421
9 18 -0.000273929708
10 18 -0.000301974552
11 18 -639038.609
12 18 -870706.768
13 18 65606.4565
14 18 832921.002
15 18 695661.006
16 18 -107522.021
17 18 6592952.4
18 18 8231947.21
19 18 2883520.28
20 18 -12982721.6
21 18 -6353456.05
22 18 -1113001.11
23 18 -212494.436
24 18 -303018.012
25 18 -143724.444
26 18 653015.223
27 18 253573.921
28 18 97271.3575
29 18 -215141.289
30 18 -315648.475
31 18 -141255.724
32 18 537923.987
33 18 243876.253
34 18 41230.031
35 18 -105247.009
36 18 -127499.352
37 18 -41641.5722
38 18 239894.983
39 18 168925.515
40 18 -14995.8822
41 18 -139607.495
42 18 -165337.47
43 18 -65784.2896
44 18 312399.59
45 18 186649.181
46 18 3353.89801
47 18 -276172.811
48 18 -387981.929
49 18 -103422.38
50 18 469492.919
51 18 299404.782
52 18 738.750047
53 18 -141889.379
54 18 -209645.942
55 18 -92951.8005
56 18 357923.65
57 18 180998.11
58 18 27923.1339
59 18 -129183.646
60 18 -126429.719
61 18 -74961.6911
62 18 241303.836
63 18 123400.504
64 18 24474.1604
65 18 -56072.6578
66 18 -74021.6161
67 18 -37043.8384
68 18 141608.42
69 18 75433.2404
70 18 10108.2467
1 19 -0.00773011985
2 19 -0.000267612054
3 19 -0.000163968953
4 19 5.36509002e-06
5 19 -9.32512236e-05
6 19 -0.000121589719
7 19 -0.000159803483
8 19 -2.09571031e-05
9 19 -8.97431513e-05
10 19 -0.000192775863
11 19 -46800.2722
12 19 73428.5341
13 19 -1633362.67
14 19 1309606.54
15 19 -1318687.08
16 19 -12909.8862
17 19 -2346088.64
18 19 2883520.28
19 19 15190065.1
20 19 -15029026
21 19 14235028.6
22 19 -290447.963
23 19 126120.024
24 19 -142519.878
25 19 -468688.669
26 19 670790.138
27 19 -620713.122
28 19 7253.1093
29 19 131898.748
30 19 -136591.861
31 19 -432760.473
32 19 512739.899
33 19 -470383.884
34 19 -47629.6471
35 19 40725.2851
36 19 -40643.6291
37 19 -215486.597
38 19 285950.102
39 19 -260101.668
40 19 -42608.5709
41 19 57417.0711
42 19 -64977.7805
43 19 -290060.712
44 19 372063.193
45 19 -311103.989
46 19 -26297.0026
47 19 112725.021
48 19 -101643.324
49 19 -553770.523
50 19 507744.117
51 19 -442458.375
52 19 -95112.7366
53 19 81454.5266
54 19 -93107.8518
55 19 -294200.926
56 19 377539.958
57 19 -300948.954
58 19 -55715.3021
59 19 47268.9148
60 19 -76418.656
61 19 -309667.017
62 19 345286.11
63 19 -254727.566
64 19 35674.7454
65 19 29142.4859
66 19 -36413.0145
67 19 -117550.665
68 19 160666.848
69 19 -121363.8
70 19 -25690.886
1 20 -0.00121682374
2 20 0.00076520479
3 20 0.000682462801
4 20 0.000336191337
5 20 0.000442512134
6 20 0.000481963025
7 20 0.000559492376
8 20 0.000259116317
9 20 0.000519496531
10 20 0.000427757924
11 20 767887.242
12 20 823226.582
13 20 1322825.19
14 20 -2322974.35
15 20 210335.754
16 20 -41584.152
17 20 -8183377.44
18 20 -12982721.6
19 20 -15029026
20 20 32217228.7
21 20 -633300.359
22 20 2288305.81
23 20 314299.732
24 20 654526.489
25 20 665564.338
26 20 -1855723.82
27 20 34886.9514
28 20 -189753.142
29 20 223656.217
30 20 524792.53
31 20 492022.573
32 20 -1138276.73
33 20 -27210.7085
34 20 -15249.7296
35 20 145187.599
36 20 243434.827
37 20 269265.609
38 20 -683652.671
39 20 -37682.6559
40 20 78627.0298
41 20 192136.909
42 20 314810.552
43 20 344838.208
44 20 -832668.727
45 20 -57318.7438
46 20 24006.5564
47 20 239946.412
48 20 471692.136
49 20 465212.646
50 20 -955636.774
51 20 -72620.802
52 20 29790.3841
53 20 166308.776
54 20 364354.05
55 20 347843.068
56 20 -830681.065
57 20 -64147.4567
58 20 2337.74778
59 20 207198.274
60 20 248731.736
61 20 313006.65
62 20 -669295.508
63 20 -82980.6364
64 20 -63744.3594
65 20 74441.8462
66 20 144072.718
67 20 146888.657
68 20 -352478.152
69 20 -36789.3035
70 20 3706.7724
1 21 0.00287286274
2 21 -9.36296501e-05
3 21 0.000332894012
4 21 0.00037825297
5 21 0.000272588958
6 21 0.000144180317
7 21 0.000187701353
8 21 6.3601486e-05
9 21 0.000288657784
10 21 -5.54847944e-05
11 21 965506.48
12 21 708544.232
13 21 -1304122.2
14 21 159970.616
15 21 -2344282.38
16 21 53944.9741
17 21 -14612149.6
18 21 -6353456.05
19 21 14235028.6
20 21 -633300.359
21 21 31769168.9
22 21 1813709.93
23 21 695032.066
24 21 242472.039
25 21 -628143.747
26 21 82645.447
27 21 -1785285.51
28 21 -171309.139
29 21 502555.848
30 21 213913.15
31 21 -471057.057
32 21 45594.1584
33 21 -1090101.63
34 21 -117706.04
35 21 251013.35
36 21 148632.747
37 21 -270861.602
38 21 45388.2676
39 21 -717685.386
40 21 -36727.335
41 21 342104.57
42 21 158591.381
43 21 -329515.752
44 21 55373.1553
45 21 -820572.184
46 21 -52240.0646
47 21 459408.836
48 21 250431.235
49 21 -465701.622
50 21 67429.5342
51 21 -956979.145
52 21 -116890.077
53 21 350348.394
54 21 149208.746
55 21 -330320.243
56 21 66296.3634
57 21 -782163.026
58 21 -123884.766
59 21 359823.584
60 21 100100.798
61 21 -278801.444
62 21 39077.909
63 21 -705523.638
64 21 -13356.1808
65 21 152402.824
66 21 58185.1286
67 21 -136010.335
68 21 33732.6327
69 21 -342454.289
70 21 -61179.6802
1 22 0.000255251293
2 22 9.51377483e-05
3 22 2.48102003e-05
4 22 1.65956157e-05
5 22 0.000128847089
6 22 0.000128358983
7 22 8.3148002e-05
8 22 5.12403956e-05
9 22 2.44759484e-05
10 22 1.63036382e-05
11 22 -129348.412
12 22 -111750.351
13 22 2405.4798
14 22 -46505.5156
15 22 80485.9222
16 22 -271555.563
17 22 -1174499.57
18 22 -1113001.11
19 22 -290447.963
20 22 2288305.81
21 22 1813709.93
22 22 2497031.69
23 22 118507.251
24 22 99855.3613
25 22 -4063.26572
26 22 -183145.816
27 22 -205405.406
28 22 -148431.301
29 22 110796.434
30 22 78736.4459
31 22 -51558.4611
32 22 -66146.0713
33 22 -190030.265
34 22 -47143.3907
35 22 12619.9545
36 22 2066.77483
37 22 -27972.5002
38 22 35570.9031
39 22 -42037.3429
40 22 -33236.0517
41 22 28481.1941
42 22 23620.5174
43 22 -2610.93844
44 22 -30222.2976
45 22 -52848.2233
46 22 -41898.6715
47 22 53293.2406
48 22 28705.2172
49 22 -56072.7573
50 22 -31085.1223
51 22 -105401.55
52 22 -64375.4547
53 22 64931.947
54 22 51068.6446
55 22 -19776.2999
56 22 -54790.157
57 22 -105419.477
58 22 -41683.4746
59 22 20233.2872
60 22 40895.8736
61 22 73171.5054
62 22 -124289.817
63 22 5432.13717
64 22 -52873.0442
65 22 24923.5523
66 22 21261.3556
67 22 306.5823
68 22 -33003.9996
69 22 -39049.7959
70 22 -20510.6924
1 23 0.000272225596
2 23 -0.0191197463
3 23 -4.29161948e-06
4 23 -4.11181073e-06
5 23 0.000258139178
6 23 0.000172147811
7 23 0.000293662952
8 23 0.000307234652
9 23 1.36226505e-05
10 23 0.000340821045
11 23 -419276.182
12 23 -251098.599
13 23 109349.263
14 23 396121.341
15 23 697050.169
16 23 72045.583
17 23 -356516.388
18 23 -212494.436
19 23 126120.024
20 23 314299.732
21 23 695032.066
22 23 118507.251
23 23 39753330.1
24 23 13142372.3
25 23 -4685207.91
26 23 -9249168.01
27 23 -17317783.9
28 23 -1228316.87
29 23 -232955.531
30 23 -143345.221
31 23 61216.3381
32 23 215336.056
33 23 429230.806
34 23 1516.32504
35 23 -190480.646
36 23 -120972.5
37 23 52566.8685
38 23 152532.497
39 23 331537.216
40 23 23055.1037
41 23 -352505.799
42 23 -216826.299
43 23 103203.243
44 23 266252.511
45 23 617370.554
46 23 61177.6145
47 23 -379011.833
48 23 -234020.09
49 23 92858.1215
50 23 284740.499
51 23 612672.614
52 23 39743.6437
53 23 -675626.874
54 23 122794.77
55 23 1657871.27
56 23 2817.11038
57 23 515032.656
58 23 -18760.841
59 23 -271620.476
60 23 -175149.198
61 23 64136.4574
62 23 194162.515
63 23 428773.29
64 23 23313.9684
65 23 -113799.389
66 23 -64021.3657
67 23 32684.6899
68 23 75412.3052
69 23 197051.846
70 23 32678.0093
1 24 -3.81964018e-06
2 24 0.0228737058
3 24 -6.23294749e-05
4 24 -5.30223678e-05
5 24 5.96519136e-05
6 24 1.49019152e-05
7 24 0.000145974957
8 24 0.000143152723
9 24 -0.000150334871
10 24 9.43904066e-05
11 24 -246705.878
12 24 -272564.98
13 24 -141541.148
14 24 593147.883
15 24 254229.222
16 24 72611.6604
17 24 -209955.89
18 24 -303018.012
19 24 -142519.878
20 24 654526.489
21 24 242472.039
22 24 99855.3613
23 24 13142372.3
24 24 10431504.4
25 24 10455095.1
26 24 -13802533
27 24 -5989762.15
28 24 -1785059.42
29 24 -144431.091
30 24 -154401.091
31 24 -78819.9511
32 24 346298.484
33 24 182904.654
34 24 10674.2109
35 24 -124182.371
36 24 -135044.856
37 24 -66520.0674
38 24 279638.402
39 24 145336.677
40 24 14971.5755
41 24 -219519.691
42 24 -261177.344
43 24 -128176.788
44 24 531625.991
45 24 264255.585
46 24 37274.4009
47 24 -234331.336
48 24 -254930.723
49 24 -118624.472
50 24 493745.87
51 24 268076.758
52 24 24301.8915
53 24 201551.534
54 24 -703854.494
55 24 -2491061.04
56 24 553502.415
57 24 -38087.9212
58 24 78470.8799
59 24 -173731.961
60 24 -177508.666
61 24 -67737.4405
62 24 319959.023
63 24 202626.967
64 24 9478.75635
65 24 -65483.5078
66 24 -78813.6769
67 24 -44834.2498
68 24 163288.594
69 24 79062.693
70 24 15017.814
1 25 -0.000231410329
2 25 -0.00841292422
3 25 -4.84360513e-06
4 25 -4.14438601e-05
5 25 -0.000164854019
6 25 -0.000116244412
7 25 -4.54727361e-05
8 25 -8.85423296e-05
9 25 -0.0001441768
10 25 -0.000146376351
11 25 107997.578
12 25 -140146.966
13 25 -544169.097
14 25 672397.99
15 25 -637270.137
16 25 40907.9425
17 25 125131.923
18 25 -143724.444
19 25 -468688.669
20 25 665564.338
21 25 -628143.747
22 25 -4063.26572
23 25 -4685207.91
24 25 10455095.1
25 25 42486950
26 25 -16882348.3
27 25 14980077.2
28 25 -2148284.07
29 25 61450.5567
30 25 -78365.6269
31 25 -308764.392
32 25 419914.911
33 25 -370027.863
34 25 22442.3107
35 25 53656.1455
36 25 -66282.5402
37 25 -259275.058
38 25 334526.453
39 25 -277627.814
40 25 -8464.6352
41 25 102913.197
42 25 -126974.022
43 25 -465170.973
44 25 617361.018
45 25 -502901.335
46 25 -26390.6617
47 25 92034.7037
48 25 -119827.786
49 25 -502076.88
50 25 627027.629
51 25 -493407.292
52 25 -14920.3575
53 25 1759308.72
54 25 -2443650.76
55 25 -11007119.2
56 25 1540023.15
57 25 -1199656.56
58 25 275764.875
59 25 56177.1085
60 25 -78071.1883
61 25 -326440.355
62 25 400854.367
63 25 -309243.134
64 25 -21933.586
65 25 33469.3123
66 25 -45066.7464
67 25 -142336.395
68 25 199286.612
69 25 -144737.044
70 25 -20261.8591
1 26 0.000193989315
2 26 -0.00351034146
3 26 8.52931436e-05
4 26 0.000130425844
5 26 9.2726054e-05
6 26 0.000129093203
7 26 -0.000134181088
8 26 1.05718182e-05
9 26 0.000398366276
10 26 -0.000109742801
11 26 377301.029
12 26 588105.979
13 26 687558.111
14 26 -1685148.16
15 26 40090.313
16 26 -151909.466
17 26 303483.697
18 26 653015.223
19 26 670790.138
20 26 -1855723.82
21 26 82645.447
22 26 -183145.816
23 26 -9249168.01
24 26 -13802533
25 26 -16882348.3
26 26 34253792.4
27 26 -656717.774
28 26 2963729.96
29 26 220558.214
30 26 340683.717
31 26 401499.503
32 26 -1005991.76
33 26 -25656.8577
34 26 -24457.9016
35 26 164833.383
36 26 277234.257
37 26 315491.188
38 26 -746535.92
39 26 -25708.9734
40 26 -20598.9341
41 26 292146.857
42 26 528330.795
43 26 578083.55
44 26 -1409068.57
45 26 -55003.6068
46 26 -34830.2314
47 26 312915.034
48 26 495501.865
49 26 578160.544
50 26 -1322235.47
51 26 -64658.3613
52 26 -28790.4819
53 26 51843.3088
54 26 496741.519
55 26 1234960.94
56 26 -904940.928
57 26 15389.9251
58 26 -28533.853
59 26 227147.243
60 26 338892.077
61 26 362236.874
62 26 -865131.451
63 26 -89696.0798
64 26 -5631.17546
65 26 90519.065
66 26 164976.49
67 26 181912.748
68 26 -433063.695
69 26 -31020.992
70 26 -7160.45781
1 27 -0.000593982927
2 27 0.00299830544
3 27 6.37799912e-05
4 27 -2.18446163e-05
5 27 -0.000438168216
6 27 -0.000264896843
7 27 -0.000325753177
8 27 -0.000328082545
9 27 -3.31795022e-05
10 27 -0.000543249316
11 27 705181.001
12 27 275941.102
13 27 -621171.37
14 27 -45357.6685
15 27 -1654798.39
16 27 -80287.8659
17 27 697880.308
18 27 253573.921
19 27 -620713.122
20 27 34886.9514
21 27 -1785285.51
22 27 -205405.406
23 27 -17317783.9
24 27 -5989762.15
25 27 14980077.2
26 27 -656717.774
27 27 33366501.6
28 27 1936652.11
29 27 415108.607
30 27 169284.101
31 27 -372489.735
32 27 24531.7725
33 27 -1040152.73
34 27 15648.4514
35 27 320115.782
36 27 126265.472
37 27 -286507.221
38 27 41569.5668
39 27 -731699.928
40 27 -52304.7406
41 27 591179.073
42 27 228710.434
43 27 -525462.639
44 27 90493.3146
45 27 -1362788.58
46 27 -128876.336
47 27 579167.786
48 27 230102.861
49 27 -519694.074
50 27 95511.1735
51 27 -1281235.6
52 27 -88648.4675
53 27 483049.575
54 27 -25687.5169
55 27 -1111692.68
56 27 137765.444
57 27 -869017.303
58 27 -35523.8765
59 27 404032.865
60 27 170533.648
61 27 -344527.866
62 27 52085.1293
63 27 -884784.265
64 27 -73531.9822
65 27 189646.998
66 27 61640.4288
67 27 -160895.267
68 27 45010.6311
69 27 -412546.477
70 27 -68953.5956
1 28 1.30844028e-05
2 28 3.63959969e-05
3 28 4.7416613e-06
4 28 -8.48825656e-06
5 28 5.48925545e-05
6 28 3.96909619e-05
7 28 8.66693314e-06
8 28 7.3894874e-05
9 28 4.8394394e-05
10 28 -2.83706124e-05
11 28 53756.5774
12 28 67554.2303
13 28 60409.8635
14 28 -158206.662
15 28 -28714.3551
16 28 -90767.4823
17 28 106940.494
18 28 97271.3575
19 28 7253.1093
20 28 -189753.142
21 28 -171309.139
22 28 -148431.301
23 28 -1228316.87
24 28 -1785059.42
25 28 -2148284.07
26 28 2963729.96
27 28 1936652.11
28 28 2137181.61
29 28 30013.6906
30 28 34936.2971
31 28 27293.8282
32 28 -77388.5543
33 28 -30491.2831
34 28 -33272.4338
35 28 32236.6609
36 28 32528.7421
37 28 14172.5283
38 28 -70004.3754
39 28 -51329.8087
40 28 -24227.2011
41 28 70172.5963
42 28 68969.3647
43 28 23294.8423
44 28 -131352.731
45 28 -109776.152
46 28 -65210.8144
47 28 42403.4356
48 28 52196.4395
49 28 45094.237
50 28 -127559.028
51 28 -50685.7751
52 28 -61038.6616
53 28 -68358.5229
54 28 155553.976
55 28 597849.235
56 28 -130572.577
57 28 24220.9414
58 28 -44134.4124
59 28 18714.511
60 28 28083.5547
61 28 31048.6153
62 28 -81990.1806
63 28 -27386.8064
64 28 -41621.3853
65 28 26254.7873
66 28 27842.9548
67 28 14668.7582
68 28 -55960.0364
69 28 -35415.547
70 28 -20248.1089
1 29 0.000327103035
2 29 0.000164920768
3 29 -0.0208724006
4 29 7.79836188e-05
5 29 0.00020091091
6 29 0.000295357508
7 29 0.00043771938
8 29 0.000201751277
9 29 0.000426945515
10 29 0.000344673403
11 29 -423978.533
12 29 -252087.255
13 29 103874.971
14 29 352658.059
15 29 593038.538
16 29 54862.0758
17 29 -302529.749
18 29 -215141.289
19 29 131898.748
20 29 223656.217
21 29 502555.848
22 29 110796.434
23 29 -232955.531
24 29 -144431.091
25 29 61450.5567
26 29 220558.214
27 29 415108.607
28 29 30013.6906
29 29 3.73983841e+11
30 29 3.02027232e+11
31 29 5.09979524e+10
32 29 -5214327.59
33 29 -12745252
34 29 -1668149.4
35 29 -305914.777
36 29 -179915.577
37 29 90525.5675
38 29 222531.014
39 29 485662.983
40 29 43501.1269
41 29 -510145.276
42 29 -306605.418
43 29 154779.514
44 29 378186.223
45 29 819563.376
46 29 73759.4493
47 29 -311765.268
48 29 -200582.639
49 29 66316.6861
50 29 269364.207
51 29 527793.832
52 29 15143.724
53 29 -249301.742
54 29 -167202.351
55 29 83654.6767
56 29 178527.616
57 29 426120.232
58 29 54660.5542
59 29 -235792.872
60 29 -157235.082
61 29 63644.0137
62 29 187428.834
63 29 396629.618
64 29 29491.7365
65 29 -141149.739
66 29 -77545.8404
67 29 32799.9509
68 29 93582.3172
69 29 220175.494
70 29 23023.4647
1 30 0.000297996959
2 30 0.000118511304
3 30 0.0271096532
4 30 3.42085141e-05
5 30 9.73452414e-05
6 30 0.000187976639
7 30 0.000320695854
8 30 0.000144040515
9 30 0.000309633669
10 30 0.00025212148
11 30 -244824.572
12 30 -273325.956
13 30 -136763.737
14 30 506773.659
15 30 229275.874
16 30 54929.853
17 30 -209015.485
18 30 -315648.475
19 30 -136591.861
20 30 524792.53
21 30 213913.15
22 30 78736.4459
23 30 -143345.221
24 30 -154401.091
25 30 -78365.6269
26 30 340683.717
27 30 169284.101
28 30 34936.2971
29 30 3.02027232e+11
30 30 2.50731391e+11
31 30 4.3529637e+09
32 30 -11161082.7
33 30 -4824099.7
34 30 -1469804.73
35 30 -183399.035
36 30 -230665.481
37 30 -114277.137
38 30 410908.453
39 30 199303.847
40 30 32170.9101
41 30 -307357.913
42 30 -403873.534
43 30 -190412.466
44 30 701770.368
45 30 354535.86
46 30 46767.6387
47 30 -199002.961
48 30 -207022.246
49 30 -88797.695
50 30 415728.41
51 30 253379.987
52 30 6043.67404
53 30 -160888.027
54 30 -216220.198
55 30 -92391.3455
56 30 373916.685
57 30 206489.179
58 30 22945.7551
59 30 -153439.976
60 30 -187012.555
61 30 -73354.083
62 30 328034.549
63 30 207384.226
64 30 6446.12466
65 30 -79210.6321
66 30 -90491.712
67 30 -43074.2328
68 30 164600.79
69 30 102617.907
70 30 9334.34452
1 31 -5.88427359e-05
2 31 -4.16402715e-05
3 31 -0.0122204582
4 31 -3.63656354e-05
5 31 -7.87579806e-05
6 31 -2.47492241e-05
7 31 -0.000105530398
8 31 -1.88102712e-05
9 31 -0.000112444232
10 31 -9.46768864e-05
11 31 101294.749
12 31 -136550.661
13 31 -551216.154
14 31 579421.354
15 31 -543351.903
16 31 32173.6114
17 31 130105.695
18 31 -141255.724
19 31 -432760.473
20 31 492022.573
21 31 -471057.057
22 31 -51558.4611
23 31 61216.3381
24 31 -78819.9511
25 31 -308764.392
26 31 401499.503
27 31 -372489.735
28 31 27293.8282
29 31 5.09979524e+10
30 31 4.3529637e+09
31 31 2.04585362e+11
32 31 -13485575
33 31 12018996.4
34 31 -308192.732
35 31 92450.3575
36 31 -114248.193
37 31 -397877.027
38 31 481868.421
39 31 -390116.509
40 31 -5601.43657
41 31 154629.278
42 31 -189446.511
43 31 -673740.07
44 31 835086.314
