# name: debug
# type: sparse matrix
# nnz: 36
# rows: 6
# columns: 6

1 1 351823815
2 1 28718911
3 1 7902686.98
4 1 -226929260
5 1 139782179
6 1 181557547
1 2 28718911
2 2 325719008
3 2 -860305.121
4 2 17894363.1
5 2 64792861
6 2 39369387
1 3 7902686.98
2 3 -860305.121
3 3 327489394
4 3 -14269488.5
5 3 27775091
6 3 24841259.1
1 4 -226929260
2 4 17894363.1
3 4 -14269488.5
4 4 119129216
5 4 -437632052
6 4 -236158011
1 5 139782179
2 5 64792861
3 5 27775091
4 5 -437632052
5 5 1.20302875e+09
6 5 1.20047058e+09
1 6 181557547
2 6 39369387
3 6 24841259.1
4 6 -236158011
5 6 1.20047058e+09
6 6 1.30648701e+09
