# name: debug
# type: sparse matrix
# nnz: 49
# rows: 7
# columns: 7

1 1 2.4177298e-08
2 1 2.04482903e-08
3 1 4.20873256e-08
4 1 6.89375315e-08
5 1 -3.35648423e-08
6 1 -1.04340653e-07
7 1 0
1 2 2.04482903e-08
2 2 3.26611046e-08
3 2 5.29886355e-08
4 2 8.6793488e-08
5 2 -4.35160893e-08
6 2 -1.28711601e-07
7 2 0
1 3 4.20873256e-08
2 3 5.29886355e-08
3 3 1.14835729e-07
4 3 1.76768031e-07
5 3 -8.86270842e-08
6 3 -2.62140612e-07
7 3 0
1 4 6.89375315e-08
2 4 8.6793488e-08
3 4 1.76768031e-07
4 4 2.69609773e-07
5 4 -1.31707921e-07
6 4 -3.89564831e-07
7 4 0
1 5 -3.35648423e-08
2 5 -4.35160893e-08
3 5 -8.86270842e-08
4 5 -1.31707921e-07
5 5 8.92395608e-08
6 5 1.94591489e-07
7 5 0
1 6 -1.04340653e-07
2 6 -1.28711601e-07
3 6 -2.62140612e-07
4 6 -3.89564831e-07
5 6 1.94591489e-07
6 6 6.37816082e-07
7 6 0
1 7 0
2 7 0
3 7 0
4 7 0
5 7 0
6 7 0
7 7 6.91637379e-09
