# name: debug
# type: sparse matrix
# nnz: 36
# rows: 6
# columns: 6

1 1 0.0304499262
2 1 0.0302174297
3 1 -0.0294409782
4 1 -0.0523282271
5 1 0.017832079
6 1 0.0229002008
1 2 0.0302174297
2 2 0.0927247557
3 2 0.0117729105
4 2 -0.0994798495
5 2 -0.0556108973
6 2 0.0306719269
1 3 -0.0294409782
2 3 0.0117729105
3 3 0.107392218
4 3 0.0420020105
5 3 -0.119665021
6 3 -0.0305156365
1 4 -0.0523282271
2 4 -0.0994798495
3 4 0.0420020105
4 4 0.142260424
5 4 -0.00728648195
6 4 -0.0504708626
1 5 0.017832079
2 5 -0.0556108973
3 5 -0.119665021
4 5 -0.00728648195
5 5 0.161674481
6 5 0.0113270099
1 6 0.0229002008
2 6 0.0306719269
3 6 -0.0305156365
4 6 -0.0504708626
5 6 0.0113270099
6 6 0.0338593238
